0.1252927722 0.8995951760 0.0100425023
4.2462897320 0.0019529220 0.0000000109
0.0000000600 0.0000048745 2.4668186303
0.0145775237 1.0156573993 0.0587053546
0.0516322003 0.9885351403 0.5033398884
0.0000001711 0.0000000068 2.9153926686
0.1356073807 1.4137277046 0.0000000839
0.0000011580 0.0110490466 1.5321683291
1.5239175781 0.0177672234 0.0000000834
0.0045355807 0.0623424600 0.9913947692
0.1051229868 0.9152498267 0.0190353343
0.1190606098 0.8983529430 0.0102540736
1.4065272139 0.1061251734 0.0000118232
1.0183928162 0.0217085796 0.4743535894
0.0000000060 0.0000015076 3.5588291740
0.0000001381 5.3856502590 0.0001414467
0.0000771678 4.5135514575 0.0000000034
0.0000000130 0.0000010532 2.8849561846
0.1335675517 1.4062068389 0.0000008011
1.5310763052 0.0166136424 0.0000000838
0.0112007401 1.5653619786 0.0000000014
0.0767159424 0.9456140410 0.0103036241
0.1449820324 0.8926106247 0.0101669911
0.0000079800 0.0000000006 9.0412487042
0.0000019284 0.0000001724 1.0501998118
1.6483385663 0.0001177908 0.0144007629
0.0000000082 6.1124105130 0.0008536328
0.1034968207 0.9010916653 0.0282788160
0.0057302726 0.0780541154 0.9627793511
0.0001977518 3.1766490681 0.0000021043
1.5248879020 0.0056224411 0.0001499635
0.0763670227 1.4617362312 0.0000008002
0.0365202391 0.0008517099 1.0196160663
1.1870124183 0.0001239540 0.3994156756
0.0000015679 1.5093355615 0.0073003646
0.1336803980 1.3980314736 0.0000007969
1.6124311367 0.0033818515 0.0000185890
1.4261728602 0.1039208310 0.0001159122
0.0003779093 1.5780527523 0.0000000784
1.6329242476 0.0004590495 0.0470192611
0.0000017387 1.6738344215 0.0000927962
0.0044967434 1.5331426312 0.0000008000
0.0003238638 1.5307901860 0.0000181978
0.1039664571 0.9051805390 0.0268963046
1.3330372201 0.0317523807 0.0001265054
0.0013820143 1.0790136585 0.0021394668
0.1483472903 0.8623701775 0.0271142204
0.2987911773 0.6762656679 0.0560683730
0.1837709714 1.3428028608 0.0000250517
0.1068550463 0.9250349689 0.0011566514
1.8375156552 0.0000002662 0.0000078820
0.0000006320 1.0161915299 0.0490111329
0.0000000245 3.4935931712 0.0004694159
1.2524044157 0.2779509285 0.0001171090
0.0627260705 1.0040502543 0.0016319060
1.3455497900 0.1927910643 0.0000012612
3.9031284977 0.3451141563 0.0000000109
0.0045620653 1.0186825089 0.0101426191
0.0433812004 0.9935953791 0.5017958702
3.1689665461 0.0000082547 0.0000000220
1.5658367175 0.0003746904 0.0863921030
0.0000105870 9.9199760106 0.0000000475
0.0007483691 0.0500934702 1.0123677743
0.0000247130 1.5262831752 0.0000213753
0.1542636178 1.3922053159 0.0000000837
0.0000000000 0.0000049347 2.4669020142
1.6407352261 0.0060495838 0.0000021324
1.0056834441 0.0243509841 0.0095265553
0.0763661562 1.4617196444 0.0000182535
1.5155213272 0.0302986645 0.0000000837
0.1456453448 0.8616697771 0.0281738019
0.0000000023 1.6989047548 0.0012768754
0.0509348611 0.9751840849 0.5163789128
0.6054856577 0.0430640327 0.0521634999
1.5614329765 0.0145118349 0.0000000354
0.0024095895 0.1589838751 0.9119428118
0.1031302516 0.8979001432 0.0318369073
1.0258298992 0.0012388923 0.0011512473
0.0764824817 1.4639462232 0.0000005795
0.9975116813 0.0232635552 0.0324721429
1.5348395444 0.0082599233 0.0000045303
1.4057808144 0.0002948067 0.1203396350
1.1872805918 0.0000218237 0.3994715413
0.1311751169 0.7760607377 0.1259313193
0.0831491931 0.9520564586 0.0101436017
0.0060524568 1.0285259558 0.0009610725
0.0003239307 1.5311060638 0.0000008724
1.3332886362 0.0314938375 0.0001336325
0.0153818663 1.0716982280 0.0003049782
0.0000056809 198.7630505135 0.0000009510
3.7533266102 0.4949160438 0.0000000109
1.6369912181 0.0003917170 0.0174750991
0.1490529746 0.8855891422 0.0002215519
1.0186349627 0.0195912443 0.5024005684
0.1265978853 1.4159057227 0.0000008025
0.1377747536 0.8869682179 0.0103279436
1.5617377029 0.0092753512 0.0000000780
0.0021688766 1.0054910160 0.0655489379
0.1837514110 1.3426599341 0.0000254071
0.0000000129 0.0124142224 1.5031518592
1.5272317568 0.0032865788 0.0001419710
1.2020281036 0.0000220948 0.3929635673
5.8434198801 0.0000066742 0.0000038413
0.0000084040 0.0000000000 2.7726511944
0.0000038324 3.2105136958 0.0000248768
0.0000000461 0.0741211222 1.0059508358
0.0094765217 0.0796410978 0.9595547673
1.5022263605 0.0282439366 0.0000046387
0.0875743727 1.4470929407 0.0001422518
0.8355137419 0.1465564932 0.0427031495
0.0000000162 0.0000006210 10.4414169089