0.983217701519386	0.97271440423838	0.955251408543857	0.96625512102457	0.966103595244193	0.984143200724637
0.942492109632366	0.972416191783307	0.966094929000204	0.964197528139379	0.988101008516276	0.987528241715536
0.980196068052604	0.935569079303236	0.977447160015383	0.975137809322374	0.977796068442048	0.977924656968189
0.987903908044526	0.973022355983867	0.971009897899788	0.953546911737476	0.975680843319184	0.96613353014086
0.994635661317589	0.999338809097016	0.955780014633936	0.90360765556915	0.983377142989169	0.936818948825023
0.995435065225217	0.964656896570839	0.992500200967166	0.95741177071321	0.957745476787451	0.939529012002846
0.971533925351143	0.919684537552149	0.94261327817328	0.966833295853845	0.997554593253355	0.994108262192746
0.953445860707129	0.970162522054711	0.998253653147203	0.966810521128916	0.982191807467871	0.935441228724562
0.980757193203272	0.917818401976019	0.981389530930311	0.960974494827569	0.9808347710782	0.98955500605842
0.994593198295794	0.945488277821397	0.975366458858582	0.937448654086411	0.997780768863854	0.942960498579128
0.983950631906201	0.968283927553504	0.92187823094643	0.978096193738212	0.998744533819491	0.946041722963865
0.936477178198302	0.969923542314537	0.999761780299073	0.952464275129484	0.962548313039517	0.978228595530471
0.951714471159078	0.992595202240815	0.97438255026132	0.972880473473921	0.952151072797157	0.977280283089053
0.990932883714929	0.962791020992618	0.994495044038298	0.913856545169841	0.935483030320259	0.991867035388822
0.979913089581289	0.964635150074861	0.993667047504642	0.988666417415526	0.935255081969032	0.947225559956817
0.93660707520827	0.994595296862356	0.956818430740359	0.986792554105852	0.97635563089345	0.96071234627854
0.968690514837714	0.946543638021917	0.979828725003075	0.986750706992706	0.956867997840086	0.983862064596994
0.96406371518683	0.987598999130003	0.982666418803445	0.916926360564315	0.961980628457736	0.992909698063954
0.952641612749305	0.962735500364162	0.993868783792133	0.972708226911039	0.985592647907567	0.949012058930685
0.973168639497373	0.930875946093138	0.982391004096926	0.99623069408237	0.939995986339013	0.981981791467091
0.937939250120827	0.955259108201416	0.995138957736179	0.971225151740605	0.948639819041019	0.994615508979276
0.943419819786098	0.997368965161124	0.898280370448019	0.984408909097531	0.999390318627159	0.941266800913538
0.999917450661767	0.987439182384709	0.939569700402651	0.956643121015546	0.970849670405905	0.935455698102413
0.986619818782613	0.953767500787414	0.996180514588984	0.974240086116858	0.925348094111443	0.96979916326116
0.946957978455255	0.9904862314975	0.991253445036606	0.983653754080627	0.968710250558946	0.924985160088082
0.958193466641136	0.990896825379891	0.968312011621153	0.955051500855172	0.96442436234966	0.98524112357784
0.961538684358223	0.943362562841894	0.946083162445325	0.971247182674034	0.992746037389701	0.993765086101272
0.988384635106395	0.967250529682341	0.996036914908295	0.912240452313083	0.961799113451348	0.975472881633743
0.996844340855546	0.984142663099862	0.964033871166431	0.965190945525848	0.992412033587426	0.874279643226273
0.957120722546101	0.9502420611027	0.985872991029097	0.942936432725874	0.996388753297696	0.976886440895553
0.915542476565076	0.985132797113432	0.97304718025005	0.978667984052758	0.997379824688573	0.948907063212828
0.938055658636778	0.980283009736934	0.994080454997269	0.952825068999452	0.957522694576627	0.987798615072819
0.930942871413316	0.993571354443452	0.91833309711764	0.976667222258934	0.961806450108513	0.999467437670621
0.932088565985178	0.999303756409104	0.920282793058032	0.988549905942263	0.948338940840974	0.990711438127946
0.959432885852642	0.987363978542118	0.970022379549852	0.928330960751449	0.999182285275884	0.953028006957301
0.957582044988953	0.997036548046795	0.997655639719212	0.897000760319571	0.978319386150577	0.950266859825568
0.954410817850719	0.971757225736519	0.959598104570846	0.970684314643388	0.991305949749812	0.976601542925241
0.957170928078617	0.971344066478055	0.984419354595598	0.922907571316378	0.971284210188685	0.997313394283843
0.988792854766223	0.967550986140447	0.972537133785031	0.984542458460118	0.957350953405524	0.952721568575799
0.973921994225407	0.98709806904636	0.964576452811834	0.972106783450868	0.960553192647537	0.970728142340454
0.97826910671594	0.979590940319131	0.933930905129229	0.999744315694636	0.971638555589973	0.928021596166735
0.938719955027176	0.958601205190662	0.989058837024186	0.966068806693139	0.971965459199145	0.991398257071114
0.948503011878601	0.977213705931801	0.954660594132325	0.992443170992594	0.938496701333887	0.994485438115574
0.999338058711191	0.910398243687887	0.912877670528167	0.996904676937759	0.996604100818119	0.929317734703548
0.955774905667724	0.977378823886531	0.949634280282434	0.986662926523688	0.99160005693235	0.956844733897118
0.993116739208642	0.913219336429106	0.947954095801408	0.992448654622041	0.990138110222752	0.956691159578982
0.955126811564201	0.979766700831787	0.981121370308081	0.980499425482189	0.989216053063137	0.929757241413398
0.954252082545627	0.998440214792229	0.981595713631192	0.958423804465248	0.980497241217709	0.928496618311739
0.975551120888861	0.973455658641	0.950618078833003	0.971009262927902	0.981887267676661	0.976393633634253
0.990425853479884	0.944626293183581	0.955358569798364	0.966792865058849	0.986380000592256	0.975470783960614
0.993909830628436	0.965241200795256	0.959929356201962	0.97790439818924	0.980279308450992	0.939350821720476
0.985871682680103	0.985895111471394	0.981727889631545	0.989297769683676	0.931337432738449	0.931506822747349
0.983366877836517	0.965657635199727	0.981106710574214	0.936021388380491	0.991942248093212	0.957746802267646
0.945027071055128	0.969370605299065	0.957855547572316	0.961304115046523	0.999046747671612	0.975147815246254
0.977029186536835	0.975827269093069	0.978414873983104	0.909668692890741	0.998792119529718	0.955589534877733
0.996628922060127	0.997564020759942	0.930581353646766	0.920102099651095	0.977014269643967	0.962038712102757
0.9947498947523	0.982453744534476	0.966359873236154	0.959219459657569	0.965397005172929	0.949955207148983
0.995879251580767	0.972575325208717	0.982542342726493	0.889375715125372	0.985177558662674	0.96624482861066
0.987621755487868	0.969592909158061	0.965776166383106	0.948636564561111	0.984281388178812	0.968543293100545
0.934711693458563	0.955370680448037	0.980085456639817	0.980207262057407	0.999161847457645	0.950506529249601
0.992958130179313	0.938402818883153	0.984506980192912	0.954183436988937	0.989495370855804	0.948523076749938
0.952633393363637	0.961898923390091	0.957705195331965	0.995711800044507	0.990608951742121	0.951987501368713
0.938429433336382	0.954321754581288	0.984414585387713	0.969092269691162	0.979978521712805	0.990784699292401
0.96102122506139	0.979523020288261	0.972946538552547	0.989266216747047	0.96540709460263	0.957812173979105
0.961116780420887	0.954206682266442	0.978112133994377	0.963017687667434	0.958302220523535	0.99803180892795
0.981159095834334	0.946882016554468	0.986176103211385	0.97002631134408	0.975272950036496	0.966029127876102
0.938313658369093	0.980488198521093	0.941551909724024	0.996132833293554	0.989535731760875	0.957685022785427
0.927100755981268	0.976796771600482	0.994982594961945	0.986493972856162	0.93637953369325	0.980846745145674
0.986523454956027	0.956839697095097	0.914386134055657	0.974473394439543	0.988813092582331	0.98607038941372
0.946449858748801	0.977871175751643	0.94770224594522	0.983381358936256	0.97543633727042	0.988868685864324
0.959258485507641	0.945839000189293	0.984834544438806	0.951688701390767	0.989466766962696	0.985635591784253
0.983554165007968	0.985431364221638	0.985749422878949	0.943411272022161	0.945765288907745	0.974106370984084
0.979363885826053	0.963908110522104	0.979072151474199	0.938625740893435	0.975844692442139	0.98594686578579
0.97110373203929	0.997866753145301	0.974448581522901	0.963147085668749	0.914307876231498	0.980603175947699
0.995033940986986	0.98377101940264	0.955946157196847	0.956796111193991	0.928557833491994	0.986286532875882
0.995195404283267	0.991547248728174	0.983744477021772	0.948850922419735	0.959517944185949	0.919408928584127
0.981820550817693	0.999817206692254	0.981502964441523	0.984230090158022	0.905290989372483	0.920296374697177
0.983008856260467	0.988848566302126	0.908651688882341	0.995822886577833	0.940976408215307	0.976212356847889
0.975643179993036	0.974506761823053	0.917961993310687	0.969603888663655	0.984784389974876	0.989970356082936
0.926974955787401	0.941699702628542	0.994341165222774	0.986161958065075	0.963962607040594	0.988844757058822
0.972239395934483	0.985107229867935	0.975229279274662	0.969820964080636	0.980659461566943	0.941836863332168
0.982174731929576	0.989079893046258	0.954957739774642	0.969357553724613	0.945802250177347	0.979863305650891
0.965174684570614	0.947978165088558	0.996137986003787	0.977369981154653	0.956175139182695	0.97330701982443
0.988871562771533	0.912318153789196	0.940041991636356	0.990296585093776	0.969776787075329	0.993409810558093
0.992612605754537	0.989345915996308	0.98998996136734	0.908533639132455	0.965797821503656	0.950088474687307
0.92564406300174	0.975800493869764	0.934158300104047	0.992585665006103	0.955256142871792	0.999692877935454
0.98162031810227	0.988588561410142	0.994349484012949	0.96249649662485	0.936968862693856	0.94349118646471
0.982605359798395	0.974738456079108	0.982215206801343	0.952523301709545	0.98545255873414	0.943684648677568
0.956916963026731	0.961665177405408	0.963647736379156	0.971212280354076	0.993622450082329	0.97552309839695
0.879355177262822	0.997195829936957	0.944503045903092	0.975086142552223	0.978801412538627	0.996316791191292
0.9761269973926	0.90602968124519	0.992716633331236	0.995949608248404	0.923259725855788	0.987244640912432
0.951237921302338	0.935304529832428	0.946719684584957	0.986877515598868	0.996224699328404	0.986075196520533
0.999852246405561	0.934850245218765	0.952613715758992	0.968427638594509	0.968135050042352	0.974807167076867
0.942976539135558	0.907632269562424	0.999804647924133	0.990857368203858	0.936538843389906	0.990827223112062
0.961592165159467	0.876288644687467	0.992096929616542	0.969114433754797	0.967767056865147	0.999934112464583
0.952757210769368	0.962343809939605	0.992770701893896	0.985481711713679	0.938695597246329	0.981645302833126
0.981922127064399	0.947777611495998	0.983507234587287	0.980789243178525	0.962047674462929	0.969310834974797
0.963020618708031	0.949413261157839	0.980898994454429	0.979620137904233	0.980217298999633	0.974024433672375
0.995433956445957	0.972576076960167	0.959944361508875	0.976304364817856	0.962459334556895	0.952039550402584
0.990381604322206	0.930042742064656	0.996792061519042	0.935982719074583	0.968516893833293	0.977397159367992
0.964849163498665	0.994834956869848	0.910445477676791	0.948127376296798	0.976466971100317	0.996372446433553
0.970128952116443	0.986990978696439	0.939253236286687	0.93980603542434	0.999718050295103	0.958177316780705
0.986154309063483	0.971757997941854	0.978028905681771	0.933068147147978	0.99223216416214	0.951949175663352
0.984843028788787	0.946615282601109	0.968622978448362	0.939368613496862	0.992629037710568	0.981337518463466
0.972016469833066	0.997236022803116	0.949418696427494	0.975397652250574	0.96497157074573	0.955381630082922
0.985983394018382	0.921105730199314	0.990085939279986	0.889722260655208	0.987757594727765	0.99658578183004
0.988025203316633	0.943099248736109	0.978045564639788	0.951029770482624	0.960521867986835	0.992964433716096
0.963693524695125	0.975508691736289	0.993458898495397	0.962294383426592	0.969763195620403	0.95837719541361
0.944330934357356	0.946289267460423	0.988377925185068	0.993917883632099	0.960558150807371	0.978123241886479
0.93216930904654	0.995275640263751	0.972939750561654	0.95710892531064	0.956153601781901	0.991931317630255
0.968227632926173	0.952689745080327	0.976180434099316	0.982029984041912	0.976205214543672	0.973885768183957
0.999026042241416	0.994022336203017	0.984347461973919	0.916814741560361	0.96735980920657	0.91162356994256
0.993763650997748	0.965455370131783	0.989439048698845	0.983827626614019	0.934269489643931	0.938073265525833
0.974328642550177	0.966720679785099	0.934733633210591	0.991801003371179	0.986231153694259	0.962368232947286
0.980401302583801	0.985643955645195	0.975946012711677	0.957373590450249	0.971764161647893	0.955648655029329
0.980441305169736	0.962053933138297	0.964337042404736	0.94151152108887	0.986094744574572	0.986371948352787
0.980037389372633	0.971375810396842	0.923724005153799	0.927607871428018	0.99778541530677	0.990547157344388
0.971407823348364	0.965445742602176	0.975922168284753	0.992121058209461	0.965057553991695	0.954136646389661
0.950784989762064	0.957585506473211	0.970491419219603	0.976476070624124	0.95545178362758	0.998704905951959
0.976363483869854	0.968915234685559	0.950215443454449	0.980303988253949	0.987675579755075	0.961792596245911
0.97269277469518	0.989882884888403	0.981891689741037	0.908759287856532	0.995513769973139	0.946842120282566
0.966231272232048	0.969095632500244	0.955594253622436	0.960974968520565	0.969985840358736	0.996528348607672
0.965331654023981	0.983228322376631	0.948178611090513	0.990735196074086	0.956729278094757	0.976778206958972
0.974162693430677	0.957749408775905	0.959247931721964	0.969939078498963	0.991514395029569	0.972330663043039
0.927731486982865	0.99172318735506	0.97048731800277	0.97983468292646	0.968082387598377	0.978172073284629
0.988420573952123	0.968462663890948	0.991847944560965	0.962029024209025	0.951723732319231	0.955926900091247
0.998099927249401	0.9421062261902	0.992072468920566	0.949697336571587	0.960305896918856	0.958691104491812
0.914946580230046	0.995198698214228	0.95354451214808	0.99918827914946	0.947956413746773	0.972140157953152
0.957123514914512	0.986014247201213	0.950587196502472	0.929713226715827	0.989452697026515	0.992848634426982
0.926496389722443	0.963185193507312	0.997798093476181	0.9874624983329	0.950669932462371	0.975659798977458
0.9903626797259	0.939748393908834	0.925360179060137	0.977356686596498	0.9718325582443	0.995793610263806
0.97768669549162	0.977282973027407	0.952965930797987	0.956355707166506	0.982624224911778	0.979750947806487
0.950440675376035	0.957270437939019	0.948986949009521	0.982127961491197	0.990963585338863	0.986529526129827
0.981525125161292	0.974966203300842	0.969677444343368	0.971975291643092	0.95434772644338	0.977303525497401
0.934499600021592	0.987091347928256	0.988575981133873	0.97521541610364	0.975971358705451	0.955425330653705
0.956717899622227	0.986389563125081	0.971868795028634	0.983391200085355	0.93272111929365	0.985764584799395
0.954599047950484	0.9984546483342	0.988669834195228	0.946954610910196	0.97512366222563	0.935923884093791
0.946753002720378	0.973761796517237	0.990986864412679	0.982263070078557	0.968483771872004	0.959349748031404
0.972603347122924	0.929940119735738	0.953338757509913	0.9916725421001	0.987305710102843	0.977543057422633
0.976937748183206	0.988407912074216	0.932236322040361	0.996260253075016	0.961337265224337	0.950549639853177
0.995444747899311	0.931038763891501	0.997123371610401	0.932384923604642	0.977702964773062	0.957185123777792
0.946177772239746	0.974258516134511	0.921741541809485	0.983206727577656	0.990489372813051	0.989858733517297
0.927793409731132	0.962174035968958	0.991868784323834	0.98293721576459	0.943721854168277	0.993795259012016
0.989459093599467	0.968119442959156	0.976248182878961	0.97503220300362	0.981439090772731	0.926876743445524
0.957862371398695	0.950244840470806	0.984052663945398	0.992313351217348	0.949786893761446	0.982143631032643
0.925389871671729	0.968427670769366	0.993685339686788	0.910973440847497	0.996759151620997	0.986912882933895
0.978617382488075	0.981575750345649	0.967540183643477	0.941588789743459	0.985412246040741	0.969232695499962
0.97035236126638	0.97433203751624	0.98693229283828	0.971157738589245	0.976400201308669	0.947175213998643
0.983421573076457	0.980057861545327	0.964475542777403	0.995737908059668	0.958271709462098	0.926023039673266
0.982098888287913	0.990485323416526	0.953479476523271	0.982321008974316	0.93794136819903	0.970794036088691
0.964652616704195	0.992895322584815	0.950853893972944	0.98618595865106	0.941785286382327	0.97833153043076
0.928333264373605	0.948277360252175	0.992430380328842	0.996662662181218	0.940371996053949	0.98656586230336
0.956846309847867	0.994030375350927	0.971252194712638	0.986168781686918	0.929633971628789	0.973568375870226
0.974374593655754	0.982247472390567	0.981172423892546	0.974259134114302	0.994154076323922	0.889397091240735
0.9838516284598	0.997324744948615	0.985316747766842	0.954215457799258	0.914410967013552	0.962558850121823
0.964435275715451	0.938832204947124	0.983219609416334	0.948998239649689	0.974356051366549	0.997639932916755
0.981314754578873	0.996439931160824	0.911693894966027	0.952192513092487	0.985961006360501	0.971323700364911
0.982402605236572	0.968066839621721	0.947283757756414	0.945739135281549	0.980118337396166	0.992757281149369
0.929066740950771	0.982375457253781	0.955594221368134	0.997147631205428	0.972188861733275	0.97109711702497
0.969230023736641	0.974850093868806	0.99068423503327	0.958412874571536	0.958546173945602	0.973772360178422
0.925383237949955	0.943742680770106	0.990582873365602	0.959670561069091	0.977069027815793	0.998371110161564
0.979553213506722	0.969190102074768	0.976005348471394	0.965903054300137	0.988712633540803	0.944453720132457
0.98604582894278	0.986143153236942	0.997082540257137	0.957836418206079	0.944210758022042	0.927849520648448
0.930020269515467	0.99294435871043	0.980749274174717	0.98712970826566	0.990550431561889	0.908758470335701
0.961645411764587	0.990936195568949	0.884300030214852	0.999004552302669	0.9396312041447	0.991617793812172
0.986005027368982	0.943870250983733	0.969981739856705	0.992835517638669	0.942340857734816	0.978462018629588
0.963621416803273	0.99637870138929	0.999750600868247	0.924044210124561	0.959723631998962	0.933946794254661
0.971162723423246	0.957180583047348	0.999234865301232	0.950833643247709	0.937541750129285	0.984637979969657
0.992707185462171	0.970397002478228	0.964243214501097	0.970477797253375	0.971916602492558	0.95418222138803
0.96409025882057	0.989379799536658	0.955828949177352	0.981079474872156	0.982911162574891	0.947558219001158
0.97283688329958	0.961025721852523	0.978730315000221	0.964293462350902	0.978540304062526	0.975515802718696
0.974784449813717	0.970967005031862	0.991782152464814	0.998636432832004	0.935853003072883	0.915920989676934
0.938024332748414	0.985750485003731	0.994031534266344	0.959856128081075	0.966703012162707	0.970556969215924
0.966963966109525	0.921104763798086	0.989250787765929	0.961159862698802	0.993445996997542	0.975774742964358
0.983431256589022	0.98492280768775	0.969377253010118	0.963294974328543	0.972479406199972	0.953335917088588
0.950924129435913	0.998899673330919	0.998554973521437	0.974768294170466	0.915164344096082	0.933861503913314
0.950653545524812	0.995210366167821	0.998868684521494	0.927081737042964	0.981289399244316	0.928070556331801
0.975309720398723	0.98023257141167	0.987992512094349	0.983921065773609	0.938149351630414	0.952827384632988
0.969825990286244	0.944998047457513	0.997492296153263	0.953481817985731	0.977330677572787	0.969218244355462
0.993322919997827	0.908115864254872	0.909472934422748	0.988825508441226	0.994586683076833	0.981774794061833
0.97411691788263	0.933174663087969	0.998015708964098	0.97564076607557	0.970533989749309	0.956596388531826
0.97730197697668	0.968866459121741	0.982260163669021	0.99002968868492	0.931861450749119	0.968024002243327
0.975724548920322	0.954739098159897	0.968110596465905	0.985679648661207	0.916604724641036	0.998026688148497
0.982132064658031	0.964387605742426	0.948570847664744	0.981094686211146	0.990915939697384	0.95246307524433
0.964544074620463	0.964446596915833	0.984280438567662	0.992030085373407	0.944350359431027	0.970211778251605
0.995982763110595	0.962161120327559	0.952205954241268	0.99312926180794	0.985323092031151	0.897958443011949
0.964438537396828	0.981094035999825	0.962442954414759	0.917813708209521	0.996541810528969	0.981872264955657
0.946043346026514	0.951804421381277	0.955541060781829	0.978289809218712	0.9689301467714	0.999811863855394
0.938379946245074	0.999568547578439	0.960384133217352	0.93630133445918	0.964587986133371	0.99164775799953
0.960780323200867	0.985104588291681	0.995561582547287	0.960899903813049	0.958733324453687	0.954880821099407
0.978483548206828	0.993063442705465	0.88187496539342	0.878141984601174	0.99541518720436	0.999908931474882
0.98348861929685	0.93421426731006	0.996327573277663	0.957750245555723	0.991194040843646	0.934960712171255
0.981687359198749	0.96279090580139	0.981440300612887	0.995367493177809	0.940846646678146	0.949703832195824
0.991844292193778	0.962786585073452	0.787906840589894	0.97657441186235	0.994539675571464	0.999141550147096
0.914975815228835	0.991157937866221	0.938187984463513	0.98004802198913	0.999250184373419	0.961142035587727
0.984242499113464	0.941533218559505	0.998680069778138	0.974033932415327	0.928044776619468	0.972125490067977
0.97819297798519	0.996295846618512	0.959373202591254	0.953085237788162	0.965671323665471	0.964645779515734
0.967872607788544	0.975076672151243	0.974021948109336	0.991267853100235	0.948277563835516	0.967297294421962
0.977105651758926	0.957729877008791	0.990065117134081	0.96696909784111	0.990200466172699	0.930997279121518
0.933150793681709	0.945877240170958	0.992561209903832	0.966981980468437	0.982502525876549	0.988212592725094
0.987687147654558	0.988969639870218	0.975597030631232	0.966364586008099	0.950957726977707	0.950296781990426
0.977894744102917	0.958827853968197	0.972988937034099	0.959400795061705	0.98096710651996	0.979088004188012
0.962285134877146	0.967284981923154	0.99801973021823	0.967712266472955	0.901772009318044	0.992374805125038
0.928750067861295	0.967019966001934	0.971812928286433	0.961160433296801	0.996188405306603	0.984434100232048
0.965304092796575	0.995466839704935	0.958148653464265	0.893612971640188	0.975757766702703	0.996405105227653
0.973654760570168	0.917585954133075	0.988825676403115	0.985580579049022	0.968274279957091	0.978478333122862
0.999586044980381	0.984879648328476	0.953791315298558	0.924693643036537	0.970516125752798	0.961741228907471
0.976011787291367	0.994611068298773	0.980992749279998	0.94992973245365	0.941985963062934	0.971365374550779
0.993830404045074	0.906084516702736	0.999978355973833	0.933643629625847	0.965784080238522	0.971852616871643
0.968492828450626	0.947105577095015	0.998724678413974	0.978569559408192	0.916746671428345	0.985147713005065
0.978502488480163	0.88943117768461	0.975862231813229	0.996189175054132	0.996095277149563	0.94178502606341
0.938589219643472	0.964007154681677	0.931963510452686	0.99696218822191	0.98414497245241	0.985455866437307
0.957589837558593	0.950425647870192	0.993962535261008	0.940412827299264	0.980862431551863	0.98762006162281
0.983156313208438	0.946457647169461	0.971059037377844	0.984410768469328	0.992110566248631	0.934962351348264
0.948605471052653	0.92251561205945	0.996195443827341	0.995412920735922	0.950004206525858	0.979855945270448
0.952083352075403	0.940746494055368	0.986419428776032	0.965494389476925	0.97077878867208	0.995846692679739
0.994244397153011	0.97895524772695	0.977984373635387	0.909249893152041	0.955311759446353	0.986065127435203
0.99294275940816	0.960145801230718	0.926953655844401	0.981597948858342	0.993668523971353	0.946702807518202
0.990731356557506	0.922057163819166	0.945731354630608	0.995434455019365	0.963260096578743	0.98248557626764
0.961715233769502	0.949377244740903	0.985867055725126	0.925528603160429	0.992470064060303	0.989841716236821
0.941980268496768	0.995978174288161	0.959860992626145	0.973550729122229	0.95981671088756	0.982504105694848
0.958141009809343	0.945571343775736	0.940320830363285	0.998728082429053	0.977054877118036	0.982924784065918
0.986542972731696	0.991204530913112	0.968713667200519	0.962163031500207	0.98059989005315	0.921862737615717
0.914830241366994	0.999894190728663	0.972598829439467	0.973377723106241	0.971406731980355	0.959966681330591
0.900780263653154	0.985640983468067	0.996680033093457	0.949934691403354	0.997160672011529	0.946859627006187
0.981208345928945	0.988907532351886	0.968183576135123	0.927947411146536	0.996746392786666	0.93560665450331
0.938114691161785	0.957699667801457	0.999349306396545	0.952435435944982	0.969132309883472	0.984056334395035
0.9748593837874	0.99717087586649	0.986888028997174	0.918724801138762	0.970348247133011	0.953145004106364
0.883442122569074	0.993263231832259	0.943883362407152	0.99385462540326	0.975483786111086	0.989046712022768
0.9539187830126	0.985857175152972	0.998011641564706	0.960387080293355	0.964756269421287	0.944748237811505
0.940311587156608	0.986456579392632	0.899129748483855	0.988135302771561	0.974085616421897	0.997316111451599
0.981568299770956	0.968900663273538	0.949302503557406	0.997503275350659	0.879870781298516	0.995622635023782
0.992245107805298	0.969655796595499	0.984188128559116	0.965546847670304	0.973372842180614	0.93072413380201
0.979983531536347	0.980029703078722	0.972389089710287	0.959594838373737	0.933722271167895	0.991428229856791
0.998691151874648	0.965081137246248	0.939930706230052	0.923943465945132	0.98311265742572	0.984090990950633
0.985812280556071	0.962958835405783	0.936836110470452	0.959308891211614	0.968979327808879	0.996488789885082
0.961155110145857	0.937066628008466	0.972368291563906	0.983305206082983	0.97625451650488	0.989491336785293
0.988836532678644	0.97890027570087	0.99415405296654	0.932627529421062	0.928857627023632	0.978584866675742
0.968939622712642	0.95673639080493	0.921650552256865	0.99080767309295	0.982782957045327	0.988170973688253
0.979481953825605	0.925069997374617	0.975729247140425	0.976795261342383	0.965691215108633	0.99195798665
0.988104800881824	0.973346296364828	0.900670217198682	0.961900676187876	0.985928535050054	0.990259237582635
0.986080759752273	0.982803971155772	0.938651514997121	0.996170553987918	0.962436447068453	0.938741488541363
0.957854665423361	0.977607337288355	0.98215489270523	0.973194568847438	0.989775629129301	0.939168673252289
0.956050807909471	0.948543919977982	0.968261818350039	0.956865933667789	0.985459030186476	0.996740212520173
0.999028935989576	0.899220678800126	0.965755792460547	0.959459166109435	0.991272403068168	0.970567354461527
0.979248466488163	0.972523719439795	0.956185887590217	0.961229144565314	0.983668221138169	0.97561119735434
0.953769917448007	0.994369109124697	0.904714420945176	0.948677120410904	0.988525230131924	0.995430320080689
0.965573846292017	0.996345283394552	0.970426109187384	0.950359190229967	0.985747208561406	0.94247435502493
0.922276563225535	0.995704029503143	0.961202529441207	0.962671750899962	0.968818099652083	0.992095509266526
0.985528472312247	0.975603772376752	0.924686719874728	0.983995845111557	0.984571139899872	0.960654787706276
0.996877132267069	0.966740742068357	0.942497105458699	0.977714799566355	0.938136452640822	0.984638273382765
0.998340863150865	0.948570213226212	0.930003242790126	0.993585805520313	0.971724354248814	0.951742970563196
0.892286247235738	0.990890614597754	0.953503919887501	0.995998524063257	0.99039900435135	0.960204626751646
0.98314537515157	0.985023536009193	0.962121045537695	0.982478908173733	0.939976598797106	0.969091859804136
0.971072569954609	0.985999839840554	0.994391315638652	0.979651116856172	0.956464344798871	0.918544321039261
0.968558132611072	0.997617390237476	0.995971854419199	0.946826299550028	0.956008891145518	0.927063822837334
0.953050682863901	0.984758046353283	0.99597991929278	0.895630569327104	0.974203228663439	0.987279913304776
0.993288850122436	0.989911609587432	0.964476229146485	0.971718356294213	0.970690939345427	0.916022021730159
0.918434479363049	0.979373669223371	0.987573918249037	0.977008305968769	0.962509421920561	0.986990949711211
0.977226083103983	0.969255176561163	0.982977631311366	0.937771245810183	0.968245134205059	0.986631548749837
0.98985947473596	0.956531735265183	0.98820538050153	0.964770840262534	0.97607012185811	0.942486765914546
0.952932528296779	0.974193992224215	0.968161244704795	0.963704713322942	0.97659562742773	0.989904803868949
0.956966073728001	0.968766588218604	0.981756734230999	0.981716425832472	0.983357514785407	0.953113082845726
0.959186267543291	0.97881329662749	0.988962324946871	0.975198323748245	0.901949226307016	0.994110518064176
0.9395742180447	0.98552267646674	0.986873388050895	0.986992106495472	0.979875753817974	0.930631947042636
0.963664177967321	0.988275281595061	0.966659612875857	0.980183195034003	0.919639537622537	0.991116032511733
0.984454734617191	0.979739256303262	0.986018268285624	0.95910130359345	0.97317390337504	0.938141479603657
0.928338783520933	0.992050742745876	0.940861525921073	0.974245779759733	0.993029554480088	0.975666862954861
0.988272991165431	0.987265474027864	0.932420346745282	0.952878366394219	0.989130993497059	0.960965797734458
0.948873043610952	0.986483240627088	0.992239906330224	0.956727467676343	0.923254007884653	0.992862602327581
0.995204532310884	0.993292703074909	0.948463458098051	0.983249718376809	0.926454670266524	0.951061409249882
0.973610874242506	0.959400319675484	0.973190396581789	0.988665965140784	0.953668261464406	0.977315669777291
0.985177673794234	0.985802224618114	0.993978044804033	0.947127424623329	0.955965343056204	0.941575013795356
0.965409045796474	0.978419296139723	0.93278892423584	0.982810960352153	0.984813400618329	0.976432238353406
0.999955142629275	0.913458516480635	0.978669133076675	0.966227508850378	0.953302990621903	0.976528427374134
0.965150941028756	0.972537608389291	0.97710623369763	0.91217365229036	0.995127742234432	0.983063673872966
0.969791561915138	0.956818862904622	0.966207775471952	0.969178242163426	0.997468970149518	0.956445848174745
0.935268021833315	0.993310634219104	0.974746524087504	0.948768626271034	0.98567081844896	0.974774559033529
0.898716678594782	0.970369622585469	0.990356487893724	0.993620927848598	0.982093481204286	0.960903200089024
0.893033134020794	0.967368876178474	0.975877628200148	0.960153375945337	0.990293561523588	0.998490677461562
0.941761605205366	0.977890089678326	0.975517483186166	0.952731915775089	0.97920338755452	0.991556557176145
0.949414874938508	0.953260580010562	0.995131608573129	0.989396504142605	0.986986955738108	0.925975877166366
0.939574285820938	0.941165891714575	0.985850485650351	0.950618329430106	0.995182148996472	0.989790150284649
0.97809407143663	0.964414373931774	0.968777322374903	0.961694007803353	0.963122177710777	0.990219304491758
0.964047445711828	0.968376002592167	0.948751849195501	0.993002303536416	0.996459286612687	0.930820287514369
0.971236556248513	0.971815183936446	0.987544820763448	0.949046475208419	0.977198409023395	0.969659528206046
0.971593686028156	0.946402827229033	0.95365242028858	0.979553425104137	0.983738826681679	0.986969336002877
0.989293060208139	0.904550695254606	0.91973826839416	0.973567071161588	0.989028046388308	0.998635231692248
0.968716864455224	0.967511088938069	0.963418161859883	0.972284109867834	0.991008059431063	0.963781241218207
0.910672134240487	0.985900483484362	0.951786597848536	0.977441929069124	0.972050869464606	0.997935928470938
0.945720806269498	0.955795752474462	0.984223129240778	0.97482867295093	0.933960393626599	0.999758803474269
0.950733097367629	0.967456972608694	0.98818315730844	0.960842363511669	0.975543905339129	0.981864255803882
0.947545671240362	0.94380524455912	0.98487838609446	0.996681134496418	0.992869888238769	0.927694396211663
0.996474243246297	0.990213016107238	0.872238125766674	0.984988448403264	0.982811709704888	0.946810244653229
0.982233337352262	0.973734756786991	0.950844501352572	0.970169850828674	0.986027821830683	0.963130480599113
0.974448010050517	0.957089799105425	0.963030078859744	0.989901492255877	0.937601851667199	0.991820761490395
0.969592544078017	0.956934753668787	0.915457246212919	0.996967417783237	0.954472804949344	0.996530942418971
0.957290559951921	0.948664465275595	0.974747429706967	0.998629793235424	0.952500758905393	0.976623477190722
0.935694452247272	0.949304726546978	0.992837819812064	0.951302136210807	0.978738609537875	0.995080372747272
0.974072169374443	0.974631163862756	0.997176362833749	0.98859500216158	0.949807239814178	0.912541807008198
0.982698653493045	0.978970778002316	0.95638123252983	0.996035069841446	0.94703982678627	0.950937161534717
0.99583287384935	0.947839070969702	0.985467863011678	0.968642040347895	0.981413704322771	0.925418367740019
0.961277447426723	0.968193278146131	0.982275503897607	0.985952476035602	0.944886659989458	0.980829601691446
0.986197456694655	0.972754195059708	0.979419253287004	0.91712565524228	0.999227037360181	0.933275129339029
0.95605448267043	0.9873008722718	0.974805187958831	0.954697617490691	0.97694633823853	0.976200425279233
0.948936729716545	0.965175147674539	0.909966170000891	0.9977524109782	0.984716344231876	0.986469243779072
0.922848208605694	0.963876043655553	0.942602835221575	0.977989200949405	0.998456431390752	0.988985674665694
0.96866949864048	0.929838489682132	0.975372586691132	0.959628758034926	0.989498722647807	0.990438555581879
0.979390164937935	0.8724124207356	0.992296088581595	0.964796377210314	0.99361618619329	0.97927905401356
0.918055984070045	0.970711348497284	0.97129484084159	0.956702624016044	0.978739148424686	0.999628093609393
0.987994489220679	0.994636682392976	0.958035701413101	0.957181752388046	0.925411308438613	0.982494391972273
0.966141269135012	0.954180834162593	0.984710300675636	0.989015821084505	0.967867881367579	0.962275809389492
0.995212531195573	0.974160729362073	0.938357913506155	0.935050976841963	0.98528096465426	0.978797371660244
0.999480497901992	0.912101284496529	0.9491136659445	0.984570669353376	0.986396557152457	0.954074830089714
0.956112251665133	0.975110379409978	0.967957559681051	0.967306047361511	0.987264231996533	0.974377611261913
0.973491312993371	0.961781369287055	0.983906945373002	0.960826388304608	0.988759660413499	0.95552661538944
0.995502347417991	0.988741168579797	0.940584174457077	0.979669631108534	0.983794031351562	0.901913944191962
0.985441114682447	0.970333056948349	0.952070938104351	0.993257843887041	0.930414148883903	0.979759291535324
0.993476632205069	0.959965970707144	0.980636761042779	0.938562437818214	0.964473062303908	0.979366459969847
0.930969091661701	0.928560841246391	0.980287387947307	0.997957639598638	0.987170976327721	0.970717177967551
0.975896231911105	0.998094134860252	0.986671546947241	0.9181458637144	0.952003271434426	0.967434980039956
0.972134247638821	0.983538999936777	0.993208354714464	0.941719549151518	0.971452121526792	0.955063151752143
0.965813597998344	0.993056579126783	0.987625977451881	0.929546362924796	0.983905665182316	0.947904638521462
0.953802981236081	0.993089793635311	0.984232411550891	0.935988760447294	0.983707954916672	0.961692252306117
0.980377609251443	0.997087850756662	0.950052824698803	0.960390106635292	0.985119983062747	0.931638115610587
0.992909128029943	0.98472730375373	0.931693297865176	0.924748777356104	0.987109498815118	0.979551423600679
0.982127426976244	0.999409546474801	0.988212940844221	0.940596605852563	0.939899562017234	0.940189348827897
0.980745067790784	0.972334867572956	0.978403296227754	0.997152708698852	0.935035629813365	0.942539023014253
0.996801302929755	0.957985828845365	0.971091644494987	0.968550915990099	0.97350028803424	0.947870617743311
0.941528252117741	0.917667953821873	0.939697646592167	0.995887563969449	0.986963289189489	0.997754851704103
0.959614771461902	0.991841563804182	0.969709585095037	0.972949671884285	0.9654895831393	0.965984054594307
0.973678235631844	0.998908678042486	0.988351340989977	0.96525190444258	0.969600936644342	0.887080905046653
0.994150932669108	0.918443908359064	0.967864156709491	0.953600862218519	0.97908482325895	0.990268096809122
0.992272081391013	0.981208227093518	0.966191701325177	0.960309503957791	0.913128510079575	0.990557298426166
0.960253429758314	0.973643505150131	0.989091265939194	0.975164101341397	0.962806097235667	0.966367536469087
0.98687679703725	0.987205928050626	0.951122280833971	0.958618360943731	0.971373757459712	0.968090673647267
0.97484015289204	0.970517117767056	0.989685621311626	0.993288631476736	0.95108473008993	0.929761749275272
0.981691333146435	0.955997559490233	0.950279079827337	0.986607239201097	0.988375341395649	0.95657102325892
0.948736539946013	0.981284463834095	0.981574824653331	0.992010427805831	0.976636433579422	0.933019618280245
0.946396323009101	0.99462509848398	0.987732200800605	0.927953323717311	0.941758467166636	0.994426846207429
0.994014162183481	0.977697369404883	0.99390546010098	0.976212563634118	0.947025235761108	0.903385095854262
0.976491847837955	0.998321224412997	0.939967291769782	0.961999945796426	0.946761069414977	0.981770661928175
0.966966005205655	0.899916992912891	0.999488277919551	0.978736959007117	0.981792779155613	0.960591985421147
0.956902648800717	0.985090616793229	0.95143660986393	0.961012024056185	0.986857206112344	0.981002831858131
0.949578290644719	0.928926484184215	0.996110623344979	0.930603243253797	0.996714952390816	0.984188647280181
0.974545526692587	0.956774245202257	0.980276405332088	0.948399518150127	0.969501092663537	0.991844121776469
0.938188009056676	0.98544517957527	0.953260473293097	0.975330617086028	0.95102941400735	0.998690622906418
0.995202455215915	0.938530285278758	0.988759712681848	0.967713558890874	0.979158609074081	0.936125099538982
0.972950503702078	0.945579023401332	0.97165893206981	0.997627723996868	0.968446590908083	0.956917690383142
0.949544497748538	0.985856193064622	0.978453880293016	0.986316286850101	0.972571516935789	0.948439032702024
0.976385699353335	0.987803176367408	0.978976003162776	0.934192562748187	0.972516550021794	0.971579488455049
0.970764233778625	0.936156649091485	0.994910122557476	0.963630471755982	0.975567976951341	0.975041030500278
0.953392724494286	0.995570020240835	0.966382697683224	0.955559802101348	0.992875652004375	0.942883677065056
0.983848472182551	0.926432546320392	0.947443945641017	0.993205450346192	0.997240892463895	0.943607623382878
0.904983504302271	0.987212151157183	0.973616196755059	0.99244321257364	0.930880171810414	0.99559077883627
0.982616462401248	0.957123424532937	0.929427543741637	0.996392932827608	0.974068561099498	0.969605316762551
0.968978221154157	0.957629840347889	0.972983724680957	0.995127108608198	0.970588930439956	0.954902838725721
0.985027764151027	0.933424185635652	0.982569027224257	0.927204088537057	0.978856570505634	0.994761913090815
0.984777107834838	0.940502658754151	0.986805269661037	0.956706938601005	0.955299582409012	0.990330178798559
0.959089543956811	0.962784527590498	0.991086967022092	0.983496240235424	0.989042904174367	0.923120472413893
0.981684665021534	0.952988260462071	0.997437362710086	0.926867541768322	0.981991895468563	0.96290638802251
0.99902497893162	0.953052223652426	0.956144161946053	0.939981615626108	0.950697764839361	0.994276336525301
0.95892909139701	0.976153455443166	0.869486574436658	0.990873186368483	0.972497840841503	0.999588777540797
0.986200299834404	0.966041630738391	0.968180632927078	0.971359921931869	0.965324062480938	0.97296556725651
0.981128977968073	0.976713578750897	0.98664145796779	0.976339266489006	0.93359202547591	0.966535808055696
0.989567032525506	0.967301756163894	0.988747489031547	0.965366293869133	0.972245967026439	0.933303352620126
0.990811584549113	0.979445897287299	0.965726865640045	0.957731291393902	0.998993482292665	0.885534506909899
0.96773635162287	0.961484973817515	0.973377763493907	0.98927730876935	0.912551865672293	0.996193511959005
0.987120996611342	0.99344999872944	0.90279987973	0.966597170034171	0.974224013489972	0.977349912610884
0.996281755467402	0.987179269233073	0.951020863804605	0.964425238838905	0.977929597287046	0.928546548711318
0.98276360477227	0.996322247801128	0.934400217621283	0.974619841523099	0.981602398991013	0.933953951162507
0.942609254430709	0.987485698326003	0.986423802692803	0.979272634420624	0.958629936925027	0.965891182130085
0.957107649729294	0.961899883961606	0.991157026963619	0.986471499395091	0.983017731748016	0.933931668508281
0.97560922926467	0.975659784931466	0.960683116409521	0.993504723653949	0.922203830291455	0.983096551493726
0.986833565877635	0.976020169150328	0.988434869795754	0.959655271968711	0.969839957567586	0.938330742572501
0.968147747344116	0.980721389387341	0.965989308144927	0.985642963404825	0.955045463956488	0.972306050944582
0.998345005036673	0.997792201543837	0.941411781487699	0.953691644351342	0.952369883116363	0.943904868948183
0.977966330460948	0.946822518124504	0.983212416407973	0.978954326887948	0.988971970679708	0.941770671161904
0.9732513372248	0.972137718271765	0.956227093992963	0.985377106993916	0.965126214946837	0.976701128450977
0.942541386399198	0.972652337126479	0.998464425061609	0.984475603906614	0.953579809857713	0.953479269676717
0.978037444454034	0.97994370929939	0.975074159390905	0.95967675060317	0.975930933450455	0.961444990254771
0.974863636592885	0.996447177623923	0.964016983372285	0.977006971490356	0.931873155292449	0.967775330800261
0.943403742196674	0.980099534109954	0.940481106798743	0.981682232089438	0.965341742083061	0.996913538340206
0.934347757571881	0.968254953170615	0.983128522378612	0.987628205303087	0.979013143220602	0.967738655284162
0.982826157733865	0.96358559124061	0.9672287821204	0.977922043943843	0.975827327576565	0.962737484497914
0.955233418721303	0.956993553971405	0.956780342928285	0.999052974468655	0.934925875386217	0.992382998475155
0.95515596043398	0.964413204735665	0.965588909639308	0.943346992059648	0.994502971558071	0.989610657633278
0.989825475700912	0.961194367155892	0.980091139748089	0.96513074117879	0.967782735990138	0.962046673773315
0.996024470105738	0.968857617224815	0.940898339409669	0.980351748214738	0.967535103390926	0.961184924124245
0.993233489578146	0.984075529597893	0.953238775732131	0.994770959782196	0.942552332563212	0.930667300697222
0.947409289009128	0.976746959149186	0.969519819991264	0.931534336606083	0.993782321774432	0.989373185959408
0.931348541783804	0.962192786980577	0.984749231853993	0.977265708299072	0.992180472288105	0.967295464480787
0.971560994602421	0.971835021830122	0.993570783595252	0.948416987888019	0.977138918504912	0.957959860682763
0.939973994297512	0.991142781899995	0.961932162466166	0.992551989137883	0.94636494159131	0.978131196589124
0.982775191790171	0.93844041456681	0.973974723621524	0.987012154998934	0.97390768865658	0.96620809256297
0.936715627596688	0.960617687315732	0.976809151161452	0.974983720171584	0.992680639755422	0.976289439552168
0.981181403182344	0.963440693678761	0.962476682526436	0.982678875314215	0.967529884339068	0.972410636892946
0.988981620427073	0.968255521148808	0.953286704295277	0.970574331878742	0.976557960946022	0.968995097305585
0.967117043856752	0.993721186457365	0.846671453165979	0.996760598214419	0.985525995544129	0.970885791853035
0.943179319687595	0.983048256552967	0.949231660839944	0.982760060644765	0.990257692452093	0.968986019367627
0.985047418019102	0.972921131371064	0.974136798439429	0.94778236094762	0.979790273583841	0.966996172180494
0.99023617771978	0.983651916964762	0.96302670160806	0.970539764813616	0.975378869014026	0.936247365672691
0.914804771835805	0.970691229434042	0.911754005022244	0.998381563614531	0.999086877530406	0.971300335524824
0.97663457497376	0.994532052300111	0.969959727386844	0.965986716549526	0.938211364601946	0.972152570119155
0.971514008880249	0.985205933452918	0.986487183785592	0.965794276986697	0.974439420183413	0.938236861657807
0.95310266783088	0.953310436189936	0.979055604132187	0.994470029531911	0.978647299245444	0.959134080195497
0.989823424211291	0.947844707549487	0.947125644239939	0.999710226118842	0.966570889806058	0.941946775456515
0.991577286181654	0.949137172375145	0.959456930319373	0.999764142804033	0.990517853440481	0.864126877980342
0.957955239218578	0.935883129159606	0.997809727901198	0.965681894692476	0.972736440367455	0.979099485932954
0.965186103838736	0.966342434943315	0.986365038805257	0.979999010483724	0.960146306308535	0.970372087777001
0.96017293424821	0.975036188690144	0.997407593868264	0.993803555165152	0.936291969806948	0.932194065356785
0.988020780618672	0.984162440132825	0.978546266664508	0.962149820877654	0.966449562751905	0.942153461707087
0.993857377296275	0.982553858054949	0.986877365227558	0.909387197639872	0.973898122065123	0.954883334337221
0.967950849625404	0.996217690907206	0.950309333480904	0.94990837548702	0.95552237792279	0.989625771971025
0.993881144193064	0.973052657453228	0.976536093565748	0.983341608555492	0.945347655765704	0.94163171115012
0.926650408389447	0.982890457174528	0.986818021617053	0.98727259180265	0.985241165938551	0.937874089927367
0.934779504794655	0.986505820940122	0.960147396016927	0.990583982830994	0.947367129800072	0.989521072401951
0.984791500964487	0.961073119422265	0.996878789042608	0.986260699704561	0.917975724396404	0.951645340767148
0.959074104492688	0.973508705614536	0.929750214704307	0.992829822306452	0.969763258690574	0.987606471552677
0.967088498486291	0.937496761348413	0.923086749470046	0.986206116055328	0.979454391415566	0.999072121055581
0.934067320168848	0.988469051105167	0.960562655427573	0.933534839270161	0.985928759734251	0.996300303651825
0.980885960795937	0.968118441252863	0.972242929571915	0.95211077670538	0.958647901326324	0.991088708445931
0.984642278744001	0.944094355926778	0.969979094632099	0.965557772297228	0.990526420168959	0.966347537948492
0.974040760827672	0.981392581324631	0.957511777166543	0.977796094984151	0.964510385796901	0.97473523484124
0.991614484027342	0.969819689331703	0.955627200273924	0.985801830332578	0.968305369122608	0.948530788076003
0.967314492913939	0.936098958859505	0.99535788156102	0.949848506153723	0.980665897829929	0.981694828962934
0.897374594727336	0.972258682088545	0.995598989209959	0.924187726518155	0.995841207484402	0.988567761864638
0.979079019428537	0.920375382696343	0.925031720519479	0.978594291281087	0.990473884920498	0.996923221979958
0.989762752835674	0.981478281440022	0.968564121097618	0.904815238060162	0.968103758741873	0.990335326745264
0.96704463405706	0.979581242853858	0.976717130117062	0.964421948850203	0.965904023752171	0.977586917598579
0.972293885435182	0.986679376770094	0.968234486869432	0.950239371772783	0.986671331040866	0.959444534368213
0.983588602513099	0.990601533188281	0.959768845670469	0.940582847917991	0.983392078371752	0.959300077916405
0.954997566976559	0.998397908908017	0.989137437202148	0.937851793872472	0.964272644612779	0.957851807395844
0.982217274017865	0.961646308709632	0.992280411931124	0.946860222904997	0.963826751560741	0.973680578782654
0.976635346128563	0.964035312691115	0.954004847604085	0.99688438811768	0.987458770283185	0.9242477270533
0.936984583530479	0.939512559734494	0.956169300021864	0.999428653935387	0.983798323262115	0.979698635346217
0.952889330805655	0.98575572746263	0.969139578909426	0.966328516459659	0.996998570571891	0.937676801570267
0.97241521946977	0.990751351008818	0.956897892884287	0.978389108839471	0.96730466936388	0.959071459450608
0.983586515467282	0.990188790259188	0.953374466709251	0.96828545359724	0.955278177709419	0.97199640984723
0.941277876273099	0.99471763564529	0.997072198404196	0.997495597110991	0.934536338943974	0.89438683275755
0.955901888606838	0.948118269843125	0.999611153347591	0.968910927711343	0.988443118635849	0.933081648561173
0.965306043272901	0.966669383120039	0.98826581222342	0.985383754420085	0.982429506677354	0.927426734853645
0.985253848812063	0.974406718868985	0.981871170099295	0.982327173095094	0.964079405893668	0.93162954488207
0.986079910395435	0.984054561173067	0.985575973640431	0.962667878878838	0.960280424575146	0.940888616580502
0.933061540943672	0.983147260691906	0.967809804857704	0.998557423029715	0.973994558960179	0.945805248794779
0.967046169466132	0.984673432633022	0.978183877403278	0.981575525553107	0.88491056984161	0.994818929584214
0.977243580042598	0.962173166045364	0.989164771791293	0.976811585751026	0.963767317164631	0.956761872406318
0.976561800616567	0.971438092790077	0.988465348801863	0.964311942455849	0.928516982739424	0.986952302692081
0.978376285667323	0.951916372948782	0.989916527289265	0.953593299655556	0.9734400101016	0.97601863807553
0.989198475235756	0.971249300750625	0.943417907881082	0.985350596401732	0.980188671732456	0.948538189399592
0.937882882100695	0.972083953182681	0.985179600534278	0.964883494142609	0.995270595463815	0.957653658668155
0.972068685081698	0.978648558214385	0.964760655607878	0.957535637707864	0.977881318525615	0.979195329833719
0.99219332294389	0.97131267742095	0.971871660170439	0.958807012397718	0.958625102946151	0.971712978403501
0.932923105945895	0.993843234518075	0.962551282836653	0.981702893063681	0.991508262819757	0.941625218669736
0.930010046296321	0.968905183293803	0.999343476921469	0.992097242042523	0.935670582448101	0.963536561761048
0.965867450285849	0.974983288670621	0.951948023850256	0.969236421443474	0.995718696550044	0.961171871724945
0.934568756086115	0.940517051538763	0.948293547112162	0.990836958266594	0.987461725633953	0.995745741644278
0.980809984702316	0.959165924606278	0.985103272603235	0.954486599730585	0.989315596687873	0.951317415523428
0.854464545272947	0.972544214313064	0.99801334911178	0.987818373962996	0.945170361878867	0.995940848341627
0.944544971763885	0.988987962784613	0.935763462367856	0.983174177607121	0.980644267087815	0.981153025884061
0.998732220743694	0.975354066774582	0.946648258256205	0.98248432406234	0.952962825291781	0.948381721413262
0.98979843596701	0.9565195138274	0.979347025015804	0.876400924982618	0.977599192811414	0.997926979490662
0.956783454653996	0.995144189882706	0.970968337014136	0.992135116484358	0.941456664952098	0.950981075000642
0.987496826841404	0.954659026499411	0.93210663978086	0.999770996574924	0.959490725464533	0.960683991018082
0.981092739357203	0.961216623560083	0.951026721156848	0.954816835745202	0.98786653740989	0.985226330873317
0.973256803690131	0.963450553032704	0.994086100846198	0.984720029935001	0.981089498360274	0.905592572945414
0.948361776415679	0.983974695548791	0.986785505454789	0.943405778135505	0.985010678641944	0.970797340974418
0.961197597631345	0.967047040707956	0.945124153432827	0.979563934678297	0.998884315317019	0.955531873303779
0.997771487431363	0.998391082797865	0.944465916507472	0.909463442754339	0.98646429782494	0.932509733145406
0.9813626941481	0.967875449963622	0.945740891297489	0.978050718025306	0.975220376193023	0.978758670000624
0.974309726420516	0.999038045143809	0.9147273477845	0.981148274773941	0.954879216956011	0.972121081113521
0.948455905786622	0.962403190540671	0.978259275023923	0.926565001550627	0.993608647730272	0.993489839681558
0.959659659984131	0.984718210816175	0.997203558316266	0.951513198363283	0.938597860105079	0.976080814661322
0.976699657891892	0.981440240084081	0.967300194497254	0.973215414462201	0.979636049361135	0.949856190379734
0.941220687785358	0.907485283875913	0.979587651358646	0.998774236452339	0.96009557075071	0.994261997767812
0.987484660158404	0.948377073310265	0.985050297907155	0.95743591931196	0.987832718125439	0.950699921820691
0.943328781617345	0.979449600901067	0.990997530358741	0.991316750388927	0.946218377591059	0.960552173262079
0.943481412816223	0.978634984628046	0.929099805158354	0.981210916441232	0.989557099184215	0.987776230248978
0.931819055138716	0.994211639551666	0.944126842768907	0.995386563492827	0.954439663215473	0.978958199765806
0.975761660826416	0.944273578406058	0.997041307768154	0.940275867851623	0.943099465831283	0.994968724692086
0.999978408554327	0.972747316727814	0.951034625416644	0.941461695539493	0.953389591094265	0.977154609192332
0.995228023115139	0.923770127649744	0.956461038450809	0.981941897492957	0.993478076827199	0.946627845384959
0.966096893077916	0.998763673468706	0.933147229974256	0.98058301142511	0.93349188299924	0.984396231945299
0.960342932635884	0.974048298212963	0.961768736517826	0.988350771119746	0.987487421042197	0.949624684555548
0.95457434605965	0.939869214325245	0.995181714677073	0.934360240506769	0.989583071599068	0.987010506953238
0.999869108961774	0.972864196509637	0.886445942435379	0.963449895907114	0.994866726702546	0.949813138918607
0.97796625036715	0.957770599569765	0.984439328589693	0.972856324459311	0.976892948668469	0.958155805419433
0.991996986973005	0.935991004694106	0.961485475647324	0.990917461877549	0.958600489695557	0.973587826697657
0.980587804550713	0.975689953880872	0.959610969075423	0.998024566780323	0.945793464319666	0.948690269738902
0.983393455748134	0.976032624977544	0.945343174627267	0.995118668725243	0.967048254734626	0.946574788430607
0.979161879334759	0.97953838772009	0.970519696226953	0.977955718848205	0.961316775001922	0.961682022290716
0.949148543784262	0.985813380730983	0.98465359564095	0.964284212899699	0.990004037349727	0.941172842262522
0.994633442109509	0.921608618158475	0.971662709390006	0.973164282615527	0.957389537367668	0.988296518139121
0.975390656333232	0.9689606699207	0.963102849259889	0.974412617205772	0.984143696701138	0.964287379577797
0.979314012969889	0.975341148638598	0.975088356536067	0.946927486302509	0.978635718321581	0.972851445756004
0.971533935200035	0.988786083296221	0.976241743781206	0.947570375985263	0.985501991614819	0.950775764517095
0.962510893208615	0.982777200174848	0.968357011150453	0.999771618437575	0.976579770142734	0.891686910708273
0.989312392232001	0.991159288925961	0.968893688811819	0.960959406988483	0.929038004635561	0.973674810703198
0.952755428582366	0.977233733548292	0.982227297997404	0.975517109708422	0.968779631202768	0.972682642514165
0.929656723435171	0.958742654944438	0.944090522591523	0.967393657529442	0.990025623253326	0.999782084139007
