101.7763628554 37.0035609946 17.5508091808
93.4268866186 45.3530372314 17.5508091808
68.6097303686 26.2590383490 38.8595816025
95.5448069088 34.9165750210 21.0147917504
97.7203673981 25.1169916101 25.7277062082
85.3695547989 51.8114215010 10.8339204128
79.3455882117 68.0814906554 23.7476356217
108.8293645190 128.7480650513 8.1934111119
92.6501954714 138.0316752384 8.3746906613
53.5003150303 72.6047386647 14.8391935496
48.6759092078 156.9277980104 10.5845394595
16.2731000185 0.6276151836 207.8096340327
1.2756640341 1.9049628512 311.0788399914
1.2447124489 1.9199612856 309.5185539711
0.8029465826 1.1990487858 312.2574715083
0.6801480410 3.4421129988 200.2440915585
0.4943246223 69.2090833404 184.6436740082
0.5391794792 9.7946294904 147.9206019882
0.5279969697 82.1551341510 143.3236847055
86.4832076688 3.6190025319 85.9400003125
80.2924331122 3.2818582874 100.5514935342
9.4279703279 2.0747907559 109.5348803320
3.1500386826 3.1024826283 101.1840893657
2.4384968958 9.5595269667 97.3386563111
3.0589857090 8.9226638235 97.3550306411
2.5588804868 41.2407291379 75.9226380882
17.6957712898 1.8395611186 139.0724674409
5.9331448339 2.2760044246 199.1298963000
13.1246750302 1.2108281503 185.6179780083
73.3889479490 1.3385580693 177.3578036893
4.4746503109 2.6039792210 218.7719731484
8.7860110121 67.0433125014 71.1071993384
2.9349991414 7.4231923011 115.5982525786
227.8167909643 8.5607420738 15.7178858118
159.9146745226 16.6239048147 32.9988688142
180.9072292361 18.6815745180 25.1152530287
186.0911730258 34.2521345488 6.4196652903
229.9238703268 27.9240863620 12.3900513986
18.9666495466 24.1455960461 43.6715481477
17.1710904657 29.8375022715 61.2069260756
84.5577648871 49.2075687357 32.7819109956
39.6672189207 22.8834542289 72.2001750579
47.3067582021 93.1120350875 30.5153754961
44.7071914903 50.7180451099 33.5553300256
23.9133223088 109.6880071603 33.3641518798
14.5629273577 64.7220231373 49.0257024377
17.6907608980 121.8100552698 47.5105372650
17.8483587734 82.1021987043 44.6251738623
9.9537233775 207.7157799743 43.3338232490
10.1631097049 186.5145556349 39.4031176677
11.5103459250 172.0152788591 37.2504857524