1.8375156552 0.0000002662 0.0000078820
0.8621607745 0.0000008920 0.0183124626
0.4099672721 0.0036056711 0.0942616542
0.4591540456 0.0542364215 0.0001686549
0.0660321876 0.4576315548 0.0000003146
0.0000004130 0.0000000358 0.5397991232
0.0000708176 0.0000000001 0.9030445979
0.0958896441 0.2872793035 0.1406455628
0.5325653573 0.0263270155 0.0000000025
0.1042970320 0.3085699552 0.0941007526
0.3100157007 0.0566824360 0.1571241528
0.0014233175 0.3724004630 0.1620262878
0.0005247033 0.5861943137 0.0000003525
0.0869439285 0.2604785060 0.1768914250
0.1683958935 0.2453286001 0.1442907566
0.0000299881 0.0000010252 0.5166907479
0.0016865616 0.4998763693 0.0074991019
0.1713856297 0.3267900826 0.0205247602
0.0055632309 0.0165132135 0.4846033464
0.4993137777 0.0044898503 0.0031504201
0.3139772844 0.0228922282 0.1799502350
0.3549426984 0.1690848175 0.0007478277
0.0085266206 0.3667411899 0.1377475911
0.4102195395 0.0991773796 0.0224273214
0.1218125333 0.3486880161 0.0432922913
0.0637605319 0.4068587071 0.0382696316
0.4479898054 0.0318710160 0.0394869397
0.1175744643 0.3880525106 0.0001107537
0.0480450044 0.3871465357 0.0803874139
0.4384352433 0.0038560475 0.0646430083
0.0741150736 0.0102285571 0.4373389563
0.0177831954 0.4926226505 0.0033646272
0.0558270604 0.3453741718 0.1158853096
0.1938010931 0.3277383608 0.0001584361
0.3737507874 0.1105585267 0.0319870089
0.0013844169 0.0248643920 0.4941560218
0.3455984743 0.1872504876 0.0016141613
0.0310743630 0.4696881421 0.0074871344
0.1335635796 0.3190825958 0.0603062282
0.3875517842 0.0866912819 0.0446166139
0.1478908953 0.3537626001 0.0074765150
0.0573799010 0.3661436257 0.0853675077
0.4502050293 0.0740799752 0.0004081338
0.4251160857 0.0037389052 0.0781000416
0.0000442566 0.4083568201 0.1268973435
0.3727366291 0.0034600113 0.1469861056
0.0184602217 0.3305604589 0.1600317800
0.4004827451 0.0426573842 0.0668606899
0.4692686749 0.0000330176 0.0377461443
0.0891083690 0.0124168814 0.4172524244
0.2812439785 0.0484146193 0.1910233926
0.0474555705 0.0016224374 0.4618514881
0.5139515930 0.0021396590 0.0000007505
0.5351827903 0.0000397344 0.0001371232
0.3803620547 0.0033452926 0.1232897952
0.1078124124 0.3285966183 0.0728389749
0.4853510798 0.0188431043 0.0071873541
0.0858270307 0.2251310742 0.1959137093
0.1241765325 0.3684402959 0.0144369105
0.3296579189 0.0737410296 0.1166558488
0.4387709156 0.0554793005 0.0153146958
0.0099299233 0.4270990903 0.0670137209
0.3868292890 0.0209322221 0.1058479100
0.0834921661 0.2501372442 0.1909346996
0.0890508235 0.3374634926 0.0824180018
0.0518551936 0.4176075771 0.0357131658
0.0091501528 0.4554701008 0.0404686635
0.3544872167 0.0877010280 0.0915831930
0.0521418467 0.4457199303 0.0073014597
0.0769353892 0.3635541852 0.0720533434
0.0838603306 0.3177938052 0.1125146321
0.3846646004 0.0584755290 0.0668606899
0.1008465599 0.4012461071 0.0075070223
0.0280916621 0.3679167093 0.1106855801
0.0394525168 0.3343312907 0.1352782253
0.3279060926 0.1577995465 0.0391319792
0.1288845644 0.2648470291 0.1322520282
0.3923624762 0.1189176841 0.0157287194
0.0000000007 0.5153240583 0.0001166444
0.0001394921 0.4704595869 0.0382679922
0.2136268877 0.3059893394 0.0068081983
0.0005845680 0.3861841706 0.1449409700
0.0356912108 0.0012202309 0.4743985637
0.0842707034 0.3797414993 0.0410717030
0.2440051730 0.0420041617 0.2346726556
0.3474418915 0.0598102295 0.1134406016
0.1474728312 0.3736739065 0.0000003131
0.0094995765 0.3544411910 0.1578175741
0.0350845833 0.4118623021 0.0683086258
0.2035982665 0.2928280875 0.0517651636
0.1498696287 0.3016223418 0.0601524530
0.4121370222 0.0560528973 0.0385265608
0.3521962592 0.0359434549 0.1325001470
0.0077925658 0.3878822390 0.1100339980
0.1163958970 0.2784249501 0.1143331495
0.0050342370 0.0901462466 0.4060994891
0.3428556522 0.1074408812 0.0879083513
0.1038200225 0.3982066323 0.0075060353
0.1097154726 0.3021177789 0.0967787612
0.4976781852 0.0044751430 0.0049524173
0.1067502294 0.2800142756 0.1199819806
0.4085085251 0.1026649177 0.0025049595
0.0101530000 0.3862096379 0.1098802248
0.3133404185 0.0027558358 0.1909008882
0.3446364947 0.0164812221 0.1514432764
0.0429651672 0.4652633008 0.0000007390
0.1026474378 0.2065846219 0.1972263976
0.3709224274 0.0407763926 0.0936213343
0.3435588396 0.0055707752 0.1782441979
0.2887982333 0.0586242012 0.1768914250
0.1613263541 0.3369412129 0.0205285446
0.0292386849 0.4855254314 0.0168722898
0.3132392993 0.0991920209 0.1195392413
0.4612093798 0.0521680695 0.0001686506
0.2868064934 0.0399652945 0.1925945920
0.0070157401 0.0002398580 0.4987968541
0.0833626614 0.3159078577 0.1313630582
0.0635822670 0.4013332996 0.0391207283
0.4635446753 0.0107294867 0.0381460823
0.4823437260 0.0144217183 0.0172239874
0.2954661860 0.1172484018 0.1196213437
0.4446621009 0.0014046881 0.0656884097
0.1017122461 0.4029706664 0.0060077594
0.0298384427 0.2946710952 0.1964169298
0.0518974327 0.0002131182 0.4587276939
0.1251222443 0.3282055205 0.0587102157
0.0301173428 0.0714079076 0.4172524244
0.3246140158 0.0558805350 0.1400852003
0.1515384776 0.3562903636 0.0016460419
0.3711347042 0.0270596020 0.1299318320
0.3150392738 0.0564761518 0.1381226832
0.1526271897 0.2933983252 0.0772130137
0.3806822899 0.0033481090 0.1230165305